{
 "cells": [
  {
   "cell_type": "code",
   "execution_count": 1,
   "metadata": {},
   "outputs": [],
   "source": [
    "import pandas as pd\n",
    "import numpy as np\n",
    "from sklearn.model_selection import train_test_split\n",
    "from sklearn.neighbors import KNeighborsClassifier\n",
    "from sklearn.metrics import accuracy_score, f1_score, confusion_matrix"
   ]
  },
  {
   "cell_type": "code",
   "execution_count": 3,
   "metadata": {},
   "outputs": [
    {
     "data": {
      "text/html": [
       "<div>\n",
       "<style scoped>\n",
       "    .dataframe tbody tr th:only-of-type {\n",
       "        vertical-align: middle;\n",
       "    }\n",
       "\n",
       "    .dataframe tbody tr th {\n",
       "        vertical-align: top;\n",
       "    }\n",
       "\n",
       "    .dataframe thead th {\n",
       "        text-align: right;\n",
       "    }\n",
       "</style>\n",
       "<table border=\"1\" class=\"dataframe\">\n",
       "  <thead>\n",
       "    <tr style=\"text-align: right;\">\n",
       "      <th></th>\n",
       "      <th>lndbId</th>\n",
       "      <th>RadId</th>\n",
       "      <th>FindingId</th>\n",
       "      <th>mean</th>\n",
       "      <th>std deviavtion</th>\n",
       "      <th>var</th>\n",
       "      <th>Nodule</th>\n",
       "      <th>Volume</th>\n",
       "      <th>Text</th>\n",
       "      <th>state</th>\n",
       "    </tr>\n",
       "  </thead>\n",
       "  <tbody>\n",
       "    <tr>\n",
       "      <th>lndbId</th>\n",
       "      <td>1.000000</td>\n",
       "      <td>-0.175611</td>\n",
       "      <td>0.273702</td>\n",
       "      <td>0.187661</td>\n",
       "      <td>-0.245208</td>\n",
       "      <td>-0.184723</td>\n",
       "      <td>-0.128921</td>\n",
       "      <td>-0.086666</td>\n",
       "      <td>-0.130092</td>\n",
       "      <td>-0.094416</td>\n",
       "    </tr>\n",
       "    <tr>\n",
       "      <th>RadId</th>\n",
       "      <td>-0.175611</td>\n",
       "      <td>1.000000</td>\n",
       "      <td>0.071317</td>\n",
       "      <td>0.054504</td>\n",
       "      <td>-0.138679</td>\n",
       "      <td>-0.085996</td>\n",
       "      <td>-0.178026</td>\n",
       "      <td>-0.004452</td>\n",
       "      <td>-0.131970</td>\n",
       "      <td>-0.140595</td>\n",
       "    </tr>\n",
       "    <tr>\n",
       "      <th>FindingId</th>\n",
       "      <td>0.273702</td>\n",
       "      <td>0.071317</td>\n",
       "      <td>1.000000</td>\n",
       "      <td>0.224009</td>\n",
       "      <td>-0.307148</td>\n",
       "      <td>-0.230009</td>\n",
       "      <td>-0.344867</td>\n",
       "      <td>-0.108236</td>\n",
       "      <td>-0.308941</td>\n",
       "      <td>-0.293042</td>\n",
       "    </tr>\n",
       "    <tr>\n",
       "      <th>mean</th>\n",
       "      <td>0.187661</td>\n",
       "      <td>0.054504</td>\n",
       "      <td>0.224009</td>\n",
       "      <td>1.000000</td>\n",
       "      <td>-0.830802</td>\n",
       "      <td>-0.926963</td>\n",
       "      <td>-0.345593</td>\n",
       "      <td>-0.872933</td>\n",
       "      <td>-0.289706</td>\n",
       "      <td>-0.265398</td>\n",
       "    </tr>\n",
       "    <tr>\n",
       "      <th>std deviavtion</th>\n",
       "      <td>-0.245208</td>\n",
       "      <td>-0.138679</td>\n",
       "      <td>-0.307148</td>\n",
       "      <td>-0.830802</td>\n",
       "      <td>1.000000</td>\n",
       "      <td>0.924418</td>\n",
       "      <td>0.644199</td>\n",
       "      <td>0.537499</td>\n",
       "      <td>0.559518</td>\n",
       "      <td>0.528322</td>\n",
       "    </tr>\n",
       "    <tr>\n",
       "      <th>var</th>\n",
       "      <td>-0.184723</td>\n",
       "      <td>-0.085996</td>\n",
       "      <td>-0.230009</td>\n",
       "      <td>-0.926963</td>\n",
       "      <td>0.924418</td>\n",
       "      <td>1.000000</td>\n",
       "      <td>0.403718</td>\n",
       "      <td>0.722989</td>\n",
       "      <td>0.332653</td>\n",
       "      <td>0.305992</td>\n",
       "    </tr>\n",
       "    <tr>\n",
       "      <th>Nodule</th>\n",
       "      <td>-0.128921</td>\n",
       "      <td>-0.178026</td>\n",
       "      <td>-0.344867</td>\n",
       "      <td>-0.345593</td>\n",
       "      <td>0.644199</td>\n",
       "      <td>0.403718</td>\n",
       "      <td>1.000000</td>\n",
       "      <td>0.125990</td>\n",
       "      <td>0.937422</td>\n",
       "      <td>0.902804</td>\n",
       "    </tr>\n",
       "    <tr>\n",
       "      <th>Volume</th>\n",
       "      <td>-0.086666</td>\n",
       "      <td>-0.004452</td>\n",
       "      <td>-0.108236</td>\n",
       "      <td>-0.872933</td>\n",
       "      <td>0.537499</td>\n",
       "      <td>0.722989</td>\n",
       "      <td>0.125990</td>\n",
       "      <td>1.000000</td>\n",
       "      <td>0.110035</td>\n",
       "      <td>0.096892</td>\n",
       "    </tr>\n",
       "    <tr>\n",
       "      <th>Text</th>\n",
       "      <td>-0.130092</td>\n",
       "      <td>-0.131970</td>\n",
       "      <td>-0.308941</td>\n",
       "      <td>-0.289706</td>\n",
       "      <td>0.559518</td>\n",
       "      <td>0.332653</td>\n",
       "      <td>0.937422</td>\n",
       "      <td>0.110035</td>\n",
       "      <td>1.000000</td>\n",
       "      <td>0.982842</td>\n",
       "    </tr>\n",
       "    <tr>\n",
       "      <th>state</th>\n",
       "      <td>-0.094416</td>\n",
       "      <td>-0.140595</td>\n",
       "      <td>-0.293042</td>\n",
       "      <td>-0.265398</td>\n",
       "      <td>0.528322</td>\n",
       "      <td>0.305992</td>\n",
       "      <td>0.902804</td>\n",
       "      <td>0.096892</td>\n",
       "      <td>0.982842</td>\n",
       "      <td>1.000000</td>\n",
       "    </tr>\n",
       "  </tbody>\n",
       "</table>\n",
       "</div>"
      ],
      "text/plain": [
       "                  lndbId     RadId  FindingId      mean  std deviavtion  \\\n",
       "lndbId          1.000000 -0.175611   0.273702  0.187661       -0.245208   \n",
       "RadId          -0.175611  1.000000   0.071317  0.054504       -0.138679   \n",
       "FindingId       0.273702  0.071317   1.000000  0.224009       -0.307148   \n",
       "mean            0.187661  0.054504   0.224009  1.000000       -0.830802   \n",
       "std deviavtion -0.245208 -0.138679  -0.307148 -0.830802        1.000000   \n",
       "var            -0.184723 -0.085996  -0.230009 -0.926963        0.924418   \n",
       "Nodule         -0.128921 -0.178026  -0.344867 -0.345593        0.644199   \n",
       "Volume         -0.086666 -0.004452  -0.108236 -0.872933        0.537499   \n",
       "Text           -0.130092 -0.131970  -0.308941 -0.289706        0.559518   \n",
       "state          -0.094416 -0.140595  -0.293042 -0.265398        0.528322   \n",
       "\n",
       "                     var    Nodule    Volume      Text     state  \n",
       "lndbId         -0.184723 -0.128921 -0.086666 -0.130092 -0.094416  \n",
       "RadId          -0.085996 -0.178026 -0.004452 -0.131970 -0.140595  \n",
       "FindingId      -0.230009 -0.344867 -0.108236 -0.308941 -0.293042  \n",
       "mean           -0.926963 -0.345593 -0.872933 -0.289706 -0.265398  \n",
       "std deviavtion  0.924418  0.644199  0.537499  0.559518  0.528322  \n",
       "var             1.000000  0.403718  0.722989  0.332653  0.305992  \n",
       "Nodule          0.403718  1.000000  0.125990  0.937422  0.902804  \n",
       "Volume          0.722989  0.125990  1.000000  0.110035  0.096892  \n",
       "Text            0.332653  0.937422  0.110035  1.000000  0.982842  \n",
       "state           0.305992  0.902804  0.096892  0.982842  1.000000  "
      ]
     },
     "execution_count": 3,
     "metadata": {},
     "output_type": "execute_result"
    }
   ],
   "source": [
    "df = pd.read_csv('gabor_lbp_features_1.csv')\n",
    "\n",
    "list_1 = []\n",
    "length = len(df['Text'])\n",
    "array_2 = np.array(df['Text'])\n",
    "for i in range(0, length):\n",
    "    if array_2[i] < 2.3 :\n",
    "        list_1.append(1)\n",
    "    elif array_2[i] > 2.3 and array_2[i] < 3.6 :\n",
    "        list_1.append(2)\n",
    "    else:\n",
    "        list_1.append(3)\n",
    "df['state'] = list_1\n",
    "\n",
    "#Normalizing the values\n",
    "#df.drop(['Text','Volume','RadId'], axis = 1, inplace = True)\n",
    "df['mean'] = df['mean']/ df['mean'].max()\n",
    "df['std deviavtion'] = df['std deviavtion']/ df['std deviavtion'].max()\n",
    "df['var'] = df['var']/ df['var'].max()\n",
    "df.head()\n",
    "df.corr()"
   ]
  },
  {
   "cell_type": "code",
   "execution_count": 4,
   "metadata": {},
   "outputs": [],
   "source": [
    "Y = df['state']\n",
    "X = df.drop(['lndbId','FindingId', 'state','Volume','RadId','mean','var','Nodule','Text'], axis = 1)"
   ]
  },
  {
   "cell_type": "code",
   "execution_count": 5,
   "metadata": {},
   "outputs": [
    {
     "data": {
      "text/html": [
       "<div>\n",
       "<style scoped>\n",
       "    .dataframe tbody tr th:only-of-type {\n",
       "        vertical-align: middle;\n",
       "    }\n",
       "\n",
       "    .dataframe tbody tr th {\n",
       "        vertical-align: top;\n",
       "    }\n",
       "\n",
       "    .dataframe thead th {\n",
       "        text-align: right;\n",
       "    }\n",
       "</style>\n",
       "<table border=\"1\" class=\"dataframe\">\n",
       "  <thead>\n",
       "    <tr style=\"text-align: right;\">\n",
       "      <th></th>\n",
       "      <th>std deviavtion</th>\n",
       "    </tr>\n",
       "  </thead>\n",
       "  <tbody>\n",
       "    <tr>\n",
       "      <th>826</th>\n",
       "      <td>0.067523</td>\n",
       "    </tr>\n",
       "    <tr>\n",
       "      <th>942</th>\n",
       "      <td>0.164937</td>\n",
       "    </tr>\n",
       "    <tr>\n",
       "      <th>1186</th>\n",
       "      <td>0.259473</td>\n",
       "    </tr>\n",
       "    <tr>\n",
       "      <th>1353</th>\n",
       "      <td>0.067523</td>\n",
       "    </tr>\n",
       "    <tr>\n",
       "      <th>811</th>\n",
       "      <td>0.067523</td>\n",
       "    </tr>\n",
       "  </tbody>\n",
       "</table>\n",
       "</div>"
      ],
      "text/plain": [
       "      std deviavtion\n",
       "826         0.067523\n",
       "942         0.164937\n",
       "1186        0.259473\n",
       "1353        0.067523\n",
       "811         0.067523"
      ]
     },
     "execution_count": 5,
     "metadata": {},
     "output_type": "execute_result"
    }
   ],
   "source": [
    "X_train, X_test, y_train, y_test = train_test_split(X,Y,test_size=0.2)\n",
    "X_train.head()"
   ]
  },
  {
   "cell_type": "code",
   "execution_count": 121,
   "metadata": {},
   "outputs": [
    {
     "name": "stderr",
     "output_type": "stream",
     "text": [
      "C:\\Users\\Ishan\\anaconda3\\lib\\site-packages\\pandas\\core\\frame.py:3997: SettingWithCopyWarning: \n",
      "A value is trying to be set on a copy of a slice from a DataFrame\n",
      "\n",
      "See the caveats in the documentation: https://pandas.pydata.org/pandas-docs/stable/user_guide/indexing.html#returning-a-view-versus-a-copy\n",
      "  errors=errors,\n"
     ]
    },
    {
     "data": {
      "text/html": [
       "<div>\n",
       "<style scoped>\n",
       "    .dataframe tbody tr th:only-of-type {\n",
       "        vertical-align: middle;\n",
       "    }\n",
       "\n",
       "    .dataframe tbody tr th {\n",
       "        vertical-align: top;\n",
       "    }\n",
       "\n",
       "    .dataframe thead th {\n",
       "        text-align: right;\n",
       "    }\n",
       "</style>\n",
       "<table border=\"1\" class=\"dataframe\">\n",
       "  <thead>\n",
       "    <tr style=\"text-align: right;\">\n",
       "      <th></th>\n",
       "      <th>mean</th>\n",
       "      <th>var</th>\n",
       "      <th>Nodule</th>\n",
       "    </tr>\n",
       "  </thead>\n",
       "  <tbody>\n",
       "    <tr>\n",
       "      <th>mean</th>\n",
       "      <td>1.000000</td>\n",
       "      <td>-0.927844</td>\n",
       "      <td>-0.345901</td>\n",
       "    </tr>\n",
       "    <tr>\n",
       "      <th>var</th>\n",
       "      <td>-0.927844</td>\n",
       "      <td>1.000000</td>\n",
       "      <td>0.402101</td>\n",
       "    </tr>\n",
       "    <tr>\n",
       "      <th>Nodule</th>\n",
       "      <td>-0.345901</td>\n",
       "      <td>0.402101</td>\n",
       "      <td>1.000000</td>\n",
       "    </tr>\n",
       "  </tbody>\n",
       "</table>\n",
       "</div>"
      ],
      "text/plain": [
       "            mean       var    Nodule\n",
       "mean    1.000000 -0.927844 -0.345901\n",
       "var    -0.927844  1.000000  0.402101\n",
       "Nodule -0.345901  0.402101  1.000000"
      ]
     },
     "execution_count": 121,
     "metadata": {},
     "output_type": "execute_result"
    }
   ],
   "source": [
    "X_train.drop(['RadId','Text','std deviavtion'], axis = 1, inplace = True)\n",
    "X_test.drop(['RadId','Text','std deviavtion'], axis = 1, inplace = True)\n",
    "X_train.corr()"
   ]
  },
  {
   "cell_type": "code",
   "execution_count": 6,
   "metadata": {},
   "outputs": [
    {
     "name": "stdout",
     "output_type": "stream",
     "text": [
      "Accuracy :  0.9133574007220217\n",
      "F1 score :  0.8948620685707993\n",
      "Confusion matrix : \n",
      " [[ 86   0   4]\n",
      " [  0   0  11]\n",
      " [  9   0 167]]\n"
     ]
    }
   ],
   "source": [
    "### KNN classifier\n",
    "\n",
    "knn = KNeighborsClassifier(n_neighbors=10)\n",
    "knn.fit(X_train, y_train)\n",
    "y_pred = knn.predict(X_test)\n",
    "accuracy = accuracy_score(y_test, y_pred)\n",
    "f_score = f1_score(y_test, y_pred, average='weighted')\n",
    "conf_mat = confusion_matrix(y_test, y_pred)\n",
    "print('Accuracy : ', accuracy)\n",
    "print('F1 score : ', f_score)\n",
    "print('Confusion matrix : \\n', conf_mat)"
   ]
  },
  {
   "cell_type": "code",
   "execution_count": 7,
   "metadata": {},
   "outputs": [
    {
     "name": "stdout",
     "output_type": "stream",
     "text": [
      "Accuracy :  0.6353790613718412\n",
      "F1 score :  0.49371618013882573\n",
      "Confusion matrix : \n",
      " [[  0   0  90]\n",
      " [  0   0  11]\n",
      " [  0   0 176]]\n"
     ]
    }
   ],
   "source": [
    "### SVM classifier\n",
    "\n",
    "from sklearn import svm\n",
    "clf = svm.SVC(kernel='poly')\n",
    "clf.fit(X_train, y_train)\n",
    "y_pred = clf.predict(X_test)\n",
    "accuracy = accuracy_score(y_test, y_pred)\n",
    "f_score = f1_score(y_test, y_pred, average='weighted')\n",
    "conf_mat = confusion_matrix(y_test, y_pred)\n",
    "print('Accuracy : ', accuracy)\n",
    "print('F1 score : ', f_score)\n",
    "print('Confusion matrix : \\n', conf_mat)"
   ]
  },
  {
   "cell_type": "code",
   "execution_count": 8,
   "metadata": {},
   "outputs": [
    {
     "name": "stdout",
     "output_type": "stream",
     "text": [
      "Accuracy :  0.8772563176895307\n",
      "F1 score :  0.8600788435933264\n",
      "Confusion matrix : \n",
      " [[ 86   0   4]\n",
      " [  1   0  10]\n",
      " [ 19   0 157]]\n"
     ]
    }
   ],
   "source": [
    "### logistic regression\n",
    "\n",
    "from sklearn.linear_model import LogisticRegression\n",
    "clf = LogisticRegression(random_state = 12).fit(X_train, y_train)\n",
    "y_pred = clf.predict(X_test)\n",
    "accuracy = accuracy_score(y_test, y_pred)\n",
    "f_score = f1_score(y_test, y_pred, average='weighted')\n",
    "conf_mat = confusion_matrix(y_test, y_pred)\n",
    "print('Accuracy : ', accuracy)\n",
    "print('F1 score : ', f_score)\n",
    "print('Confusion matrix : \\n', conf_mat)"
   ]
  },
  {
   "cell_type": "code",
   "execution_count": null,
   "metadata": {},
   "outputs": [],
   "source": [
    "# Plotting a Bar Graph to compare the features\n",
    "plt.bar(X_train.columns, feature_importance_normalized) \n",
    "plt.xlabel('Feature Labels') \n",
    "plt.ylabel('Feature Importances') \n",
    "plt.title('Comparison of different Feature Importances') \n",
    "plt.show() "
   ]
  }
 ],
 "metadata": {
  "kernelspec": {
   "display_name": "Python 3",
   "language": "python",
   "name": "python3"
  },
  "language_info": {
   "codemirror_mode": {
    "name": "ipython",
    "version": 3
   },
   "file_extension": ".py",
   "mimetype": "text/x-python",
   "name": "python",
   "nbconvert_exporter": "python",
   "pygments_lexer": "ipython3",
   "version": "3.7.1"
  }
 },
 "nbformat": 4,
 "nbformat_minor": 4
}
